camera_matrix: 
  [128.84540, 0.00000, 157.26741,
  0.00000, 129.08887, 107.22525,
  0.00000, 0.00000, 1.00000]
distortion_coefficients: [-0.33334, 0.11642, 0.00085, 0.00026, -0.01821]